f = @(x) 1 ./ (1+25*x.^2);
xe = [-1:2/5:1];

ye = f(xe);

p2 = polyfit(xe, ye, 2);

grilla = [-1:0.01:1];

g2 = polyval(p2, grilla);

#y = 1 ./ (1+25*(grilla.^2))

#M = [1 -1 1;
#     1 -0.6 0.36;
#     1 -0.2 0.04;
#     1 0.2 0.04;
#     1 0.6 0.36;
#     1 1 1];

#M_t = [1 1 1 1 1 1;
#       -1 -0.6 -0.2 0.2 0.6 1;
#       1 0.36 0.04 0.04 0.36 1];

#b = [1/26; 0.1; 0.5; 0.5; 0.1; 1/26];

#M_tb = [83/65; 0; 307/1625];

#g = @(x) -155/364*x.^2 + 107/260

#y_2 = g(grilla)



plot(grilla, y, grilla, g2)
